     2    21    32    64
    36    21    32    64
    70    21    32    64
   104    21    32    64
   138    21    32    64
   172    21    32    64


     2    106    48    64
     52    106    48    64
     102    106    48    64
     152    106    48    64
     202    106    48    64
     252    106    48    64
     302    106    48    64


     2    106    48    64
     2    106    48    64
     2    106    48    64
     2    106    48    64
     2    106    48    64
     2    106    48    64
