     2    21    32    64
    36    21    32    64
    70    21    32    64
   104    21    32    64
   138    21    32    64
   172    21    32    64


     2    106    48    64
     2    106    48    64
     2    106    48    64
     2    106    48    64
     2    106    48    64
     2    106    48    64
     2    106    48    64
     2    106    48    64
     2    106    48    64
     2    106    48    64
     2    106    48    64
     2    106    48    64
     2    106    48    64
     2    106    48    64
     2    106    48    64
     2    106    48    64


     2    106    48    64
     2    106    48    64
     2    106    48    64
     2    106    48    64
     2    106    48    64
     2    106    48    64
