77	372	215	141
77	372	215	141
77	372	215	141
77	372	215	141
77	372	215	141
77	372	215	141

77	372	215	141
77	372	215	141
77	372	215	141
77	372	215	141
77	372	215	141
77	372	215	141

77	372	215	141
77	372	215	141
77	372	215	141
77	372	215	141
77	372	215	141
77	372	215	141

77	372	215	141
77	372	215	141
77	372	215	141
77	372	215	141
77	372	215	141
77	372	215	141

77	372	215	141
77	372	215	141
77	372	215	141
77	372	215	141
77	372	215	141
77	372	215	141

77	372	215	141
77	372	215	141
77	372	215	141
77	372	215	141
77	372	215	141
77	372	215	141